Method        Time/s     min/m     max/m      mean/m    rmse/m   error/%
----radius: 10 m
liv1            0.06     -3.14      6.23   -0.000535      0.16      1.18
liv2            9.77     -6.17      3.98   -0.000792      0.20      1.06
idw             9.74     -6.17      3.98   -0.000798      0.20      1.06
idwv2           2.49     -0.66      0.80   -0.000066      0.10      1.56
nn              1.84     -1.33      1.09    0.000061      0.12      2.08
----radius: 21 m
liv1            0.06     -3.14      6.23   -0.000535      0.16      1.18
liv2           12.04     -1.10      0.77   -0.000867      0.11      1.80
idw            12.06     -1.10      0.61   -0.000854      0.10      1.71
idwv2           2.45     -0.66      0.80   -0.000066      0.10      1.56
nn              1.83     -1.33      1.09    0.000061      0.12      2.08
