Method        Time/s     min/m     max/m      mean/m    rmse/m   error/%
----Radius: 16 m
LIv1            0.06     -3.14      6.23   -0.000535      0.16      1.18
LIv2           11.21     -4.07      0.77    0.000018      0.10      1.36
IDWv1          11.19     -4.07      0.67   -0.000156      0.10      1.19
IDWv2           2.52     -0.66      0.80   -0.000066      0.10      1.56
NN              1.88     -1.33      1.09    0.000061      0.12      2.08
LLR            16.32     -6.27      3.51    0.001141      0.14      0.73
----Radius: 18 m
LIv1            0.07     -3.14      6.23   -0.000535      0.16      1.18
LIv2           11.62     -2.72      0.77    0.000784      0.10      1.82
IDWv1          11.59     -2.72      0.61    0.000582      0.10      1.50
IDWv2           2.46     -0.66      0.80   -0.000066      0.10      1.56
NN              1.84     -1.33      1.09    0.000061      0.12      2.08
LLR            16.79     -3.01      3.51    0.002969      0.12      0.91
----Radius: 20 m
LIv1            0.06     -3.14      6.23   -0.000535      0.16      1.18
LIv2           11.88     -0.71      1.09   -0.000486      0.11      1.90
IDWv1          11.82     -0.71      1.09   -0.000471      0.09      1.75
IDWv2           2.55     -0.66      0.80   -0.000066      0.10      1.56
NN              1.96     -1.33      1.09    0.000061      0.12      2.08
LLR            17.12     -7.25      1.59    0.000036      0.13      0.48
----Radius: 22 m
LIv1            0.06     -3.14      6.23   -0.000535      0.16      1.18
LIv2           12.07     -1.10      1.06   -0.000533      0.12      1.70
IDWv1          12.04     -1.10      0.80   -0.000767      0.10      1.74
IDWv2           2.48     -0.66      0.80   -0.000066      0.10      1.56
NN              1.86     -1.33      1.09    0.000061      0.12      2.08
LLR            17.27     -3.59      1.52    0.000680      0.10      0.81
----Radius: 24 m
LIv1            0.06     -3.14      6.23   -0.000535      0.16      1.18
LIv2           12.44     -0.83      1.06   -0.000523      0.12      1.71
IDWv1          12.39     -0.69      0.80   -0.000826      0.10      1.66
IDWv2           2.48     -0.66      0.80   -0.000066      0.10      1.56
NN              1.86     -1.33      1.09    0.000061      0.12      2.08
LLR            17.72     -3.59      3.04    0.001531      0.11      0.95
----Radius: 26 m
LIv1            0.06     -3.14      6.23   -0.000535      0.16      1.18
LIv2           12.84     -0.80      0.84   -0.000145      0.12      1.79
IDWv1          12.96     -0.69      0.74   -0.000687      0.10      1.58
IDWv2           2.49     -0.66      0.80   -0.000066      0.10      1.56
NN              1.85     -1.33      1.09    0.000061      0.12      2.08
LLR            18.31     -2.46      0.82    0.002198      0.11      1.31
----Radius: 28 m
LIv1            0.07     -3.14      6.23   -0.000535      0.16      1.18
LIv2           13.90     -0.81      0.90   -0.000565      0.13      1.83
IDWv1          13.36     -0.69      0.80   -0.000853      0.11      1.52
IDWv2           2.46     -0.66      0.80   -0.000066      0.10      1.56
NN              1.85     -1.33      1.09    0.000061      0.12      2.08
LLR            18.90     -2.46      0.82    0.001969      0.11      1.43
----Radius: 30 m
LIv1            0.06     -3.14      6.23   -0.000535      0.16      1.18
LIv2           13.64     -0.81      0.67   -0.003456      0.13      1.72
IDWv1          13.65     -0.69      0.58   -0.002133      0.11      1.60
IDWv2           2.45     -0.66      0.80   -0.000066      0.10      1.56
NN              1.86     -1.33      1.09    0.000061      0.12      2.08
LLR            19.11     -2.46      0.82    0.000300      0.11      1.28
Method        Time/s     min/m     max/m      mean/m    rmse/m   error/%
----Radius: 32 m
LIv1            0.07     -3.14      6.23   -0.000535      0.16      1.18
LIv2           14.27     -0.95      0.68   -0.000788      0.12      1.61
IDWv1          14.22     -0.82      0.63   -0.001008      0.11      1.63
IDWv2           2.50     -0.66      0.80   -0.000066      0.10      1.56
NN              1.89     -1.33      1.09    0.000061      0.12      2.08
LLR            19.44     -0.84      0.82    0.002894      0.11      1.49
----Radius: 34 m
LIv1            0.06     -3.14      6.23   -0.000535      0.16      1.18
LIv2           15.00     -0.95      0.66   -0.000489      0.13      1.68
IDWv1          14.99     -0.83      0.53   -0.000846      0.11      1.62
IDWv2           2.45     -0.66      0.80   -0.000066      0.10      1.56
NN              1.84     -1.33      1.09    0.000061      0.12      2.08
LLR            20.47     -0.84      0.76    0.003616      0.11      1.47
----Radius: 36 m
LIv1            0.06     -3.14      6.23   -0.000535      0.16      1.18
LIv2           15.21     -1.17      0.72   -0.000787      0.13      1.75
IDWv1          17.27     -0.89      0.65   -0.001037      0.11      1.61
IDWv2           3.21     -0.66      0.80   -0.000066      0.10      1.56
NN              2.63     -1.33      1.09    0.000061      0.12      2.08
LLR            25.90     -0.84      0.76    0.004052      0.11      1.50
----Radius: 38 m
LIv1            0.06     -3.14      6.23   -0.000535      0.16      1.18
LIv2           17.83     -1.17      0.74   -0.000919      0.13      1.75
IDWv1          18.24     -0.94      0.65   -0.001159      0.11      1.68
IDWv2           2.49     -0.66      0.80   -0.000066      0.10      1.56
NN              2.29     -1.33      1.09    0.000061      0.12      2.08
LLR            25.45     -0.83      0.72    0.004526      0.12      1.56
----Radius: 40 m
LIv1            0.09     -3.14      6.23   -0.000535      0.16      1.18
LIv2           15.92     -1.45      0.82   -0.001456      0.14      1.74
IDWv1          15.78     -1.12      0.65   -0.001436      0.12      1.66
IDWv2           2.47     -0.66      0.80   -0.000066      0.10      1.56
NN              1.89     -1.33      1.09    0.000061      0.12      2.08
LLR            21.22     -0.83      2.07    0.004985      0.12      1.48
